1 16416604
1 2338261617
1 191744929
1 2303298074
1 598685609
1 14540751
1 751887132
1 428035131
1 938998548
1 720305994
1 170966311
1 199739638
1 2329594608
1 98768734
1 40087445
1 43907144
1 461653552
1 430195404
1 2345814848
1 203198598
1 344141714
1 138140005
1 81529599
1 2305115245
1 480940493
1 54139655
1 2326111124
1 129233941
1 92107338
1 143180889
1 18290951
16416604 1649128358
16416604 2364309332
16416604 376057192
16416604 733465476
16416604 382106685
16416604 605661567
16416604 734595313
16416604 11787622
16416604 343850356
16416604 1053652238
16416604 2302100635
16416604 20277589
16416604 32766356
16416604 2251542138
16416604 233054095
16416604 35382674
16416604 22589282
16416604 96206789
16416604 2244764894
16416604 68558704
16416604 1257652868
16416604 90089641
16416604 18804011
16416604 287455210
16416604 11175742
16416604 33696010
16416604 345622731
16416604 187531175
16416604 1113178758
16416604 246299085
16416604 1009442227
16416604 308994648
16416604 164765481
16416604 810709142
16416604 320814289
16416604 717535532
16416604 385646035
16416604 139190989
16416604 69333831
16416604 559318117
16416604 15846635
16416604 274677927
16416604 500313680
16416604 16896880
16416604 236145524
16416604 254602118
16416604 397440461
16416604 122809972
16416604 349664648
16416604 374201860
16416604 334352631
16416604 345634049
16416604 281667101
16416604 48101937
16416604 16332527
16416604 3039951
16416604 35304824
16416604 43460909
16416604 113489292
16416604 43752155
16416604 82186838
16416604 107238565
16416604 18663234
16416604 37924398
16416604 15591506
16416604 17918243
16416604 82186762
16416604 124225596
16416604 85320467
16416604 81505514
16416604 14401237
16416604 7161692
16416604 21008651
16416604 45671730
16416604 16545424
16416604 36993519
16416604 14411843
16416604 27573234
16416604 15785857
16416604 18959773
16416604 19399489
16416604 14853231
16416604 17927770
16416604 16895282
16416604 14410525
16416604 15135630
16416604 17832770
16416604 17497146
16416604 16490518
16416604 16374818
2338261617 1649128358
2338261617 2364309332
2338261617 733465476
2338261617 2358593796
2338261617 965779621
2338261617 78156935
2338261617 58526377
2338261617 89263982
2338261617 468539516
2338261617 1067246940
2338261617 221919504
2338261617 631397593
2338261617 77557611
2338261617 47033858
2338261617 418188304
2338261617 80114259
2338261617 381615242
2338261617 68811794
191744929 1649128358
191744929 2364309332
191744929 733465476
191744929 1941490470
191744929 59610741
191744929 2351384309
191744929 355938691
191744929 21658236
191744929 67895677
191744929 39550095
191744929 217069420
191744929 225052269
191744929 978293886
191744929 99761266
191744929 291850299
191744929 196630113
191744929 212716454
2303298074 1649128358
2303298074 733465476
2303298074 2360558342
2303298074 130694706
2303298074 1081342788
2303298074 154613754
2303298074 2195343774
2303298074 924890730
2303298074 2321753921
2303298074 2207924166
2303298074 355764274
2303298074 2326043168
2303298074 2212593352
2303298074 506553263
2303298074 1458623311
2303298074 472570996
2303298074 706570679
2303298074 568619354
2303298074 2249574204
2303298074 328780627
2303298074 262921126
2303298074 1000608708
2303298074 1562342803
2303298074 2181368176
2303298074 612919503
2303298074 1885168316
2303298074 764900822
2303298074 367359185
2303298074 115763852
2303298074 269564119
2303298074 498592152
2303298074 360321283
2303298074 1621930758
2303298074 357851821
2303298074 627982391
2303298074 429437851
2303298074 499215925
2303298074 448549312
2303298074 1555042874
2303298074 454463134
2303298074 464022593
2303298074 362058268
2303298074 30968363
2303298074 381846451
2303298074 165229335
2303298074 637081929
2303298074 67197182
2303298074 560801374
2303298074 423944737
598685609 1649128358
598685609 2364309332
598685609 733465476
598685609 1433604716
598685609 327425201
598685609 2246879201
598685609 1412543496
598685609 1961650698
598685609 1572385872
598685609 1683216668
598685609 2295165991
598685609 2279885712
598685609 1507528478
598685609 2291664651
598685609 1351044482
598685609 894427225
598685609 635814060
598685609 180800892
598685609 371771956
598685609 627813098
598685609 619908123
598685609 429986749
14540751 1649128358
14540751 2364309332
14540751 56141458
14540751 2307686870
14540751 1574655872
14540751 2248110146
14540751 3232421
14540751 283881113
14540751 1965533539
14540751 631786599
14540751 1193998201
14540751 855847759
14540751 197817482
14540751 1024997514
14540751 977233572
14540751 559407213
14540751 238749812
14540751 30493795
14540751 449134644
14540751 19951442
14540751 407269203
14540751 14385347
14540751 369364553
14540751 84453624
14540751 270845956
14540751 278388882
14540751 274139007
14540751 271592947
14540751 270462906
14540751 198481670
14540751 15535860
14540751 213085134
14540751 231757539
14540751 232827660
14540751 34774802
14540751 20850761
14540751 133056605
14540751 14327320
14540751 130666840
14540751 134941289
14540751 92442724
14540751 79488926
14540751 33847368
14540751 15445610
14540751 56430037
14540751 56514154
14540751 22457225
14540751 26794016
14540751 39216342
14540751 61860048
14540751 21694807
14540751 31579590
14540751 41930549
14540751 50227025
14540751 38086090
14540751 6354532
14540751 24715447
14540751 47214448
14540751 46456803
14540751 43012579
14540751 34532043
14540751 28228076
14540751 28331639
14540751 34643078
14540751 20562302
14540751 38715683
14540751 14675685
14540751 33825103
14540751 26871089
14540751 19589144
14540751 19247527
14540751 16125454
14540751 14319008
751887132 1649128358
751887132 2364309332
751887132 733465476
751887132 117411001
751887132 68775519
751887132 45454350
751887132 30393294
751887132 721324145
751887132 39550095
751887132 137455381
751887132 95470099
751887132 722635874
751887132 72091340
751887132 889183986
751887132 30725398
751887132 269814864
428035131 1649128358
428035131 2364309332
428035131 733465476
428035131 729567248
428035131 2320683022
428035131 2267076868
428035131 2327392495
428035131 104033780
428035131 1945474014
428035131 1948796497
428035131 1918558458
428035131 35872498
428035131 422056209
428035131 2267282465
428035131 67168033
428035131 546962429
428035131 1649937067
428035131 1005713376
428035131 1918743998
428035131 529011081
428035131 858176299
428035131 235637787
428035131 266195375
428035131 2175206036
428035131 358566251
428035131 1026830959
428035131 570230413
428035131 1571281736
428035131 158642099
428035131 529479931
428035131 1724526457
428035131 54708399
428035131 1697772572
428035131 1684934190
428035131 282816201
428035131 1680799021
428035131 1499757510
428035131 246081385
428035131 112572405
428035131 554766197
428035131 592838669
428035131 173852481
428035131 1508584886
428035131 29357052
428035131 569419191
428035131 890099251
428035131 52947836
428035131 50194865
428035131 430192317
428035131 1400087196
428035131 498474920
428035131 128898152
428035131 77240807
428035131 437394743
428035131 1308729918
428035131 1273476980
428035131 950279336
428035131 1265020272
428035131 7358032
428035131 556724886
428035131 371830635
428035131 1113162936
428035131 26154203
428035131 33313286
428035131 882849475
428035131 335668022
428035131 1037117738
428035131 107300441
428035131 360907180
428035131 41014281
428035131 177330982
428035131 879763454
428035131 773851268
428035131 545147795
428035131 1003215505
428035131 878399047
428035131 973147592
428035131 316161768
428035131 75540895
428035131 836240965
428035131 631497025
428035131 28911263
428035131 226786874
428035131 952456520
428035131 275190073
428035131 143964309
428035131 415122549
428035131 930706748
428035131 407161195
428035131 86759385
428035131 331309274
428035131 5293842
428035131 288069191
428035131 497373898
428035131 38743492
428035131 576721129
428035131 425303347
428035131 900293682
428035131 898849880
428035131 598892928
428035131 581495149
428035131 753971078
428035131 805532196
428035131 618657431
428035131 14170232
428035131 575853327
428035131 625710695
428035131 15856134
428035131 175127369
428035131 834687840
428035131 509572476
428035131 43258446
428035131 522940773
428035131 71729333
428035131 731333323
428035131 522692913
428035131 302361750
428035131 384504255
428035131 42801940
428035131 603310068
428035131 543925821
428035131 224841790
428035131 426841202
428035131 390794776
428035131 594181718
428035131 51354850
428035131 170533869
428035131 581244967
428035131 363253058
428035131 60310140
428035131 41507857
428035131 536080661
428035131 522829326
428035131 506534528
428035131 42484318
428035131 281509181
428035131 29346331
428035131 117214207
428035131 41031748
428035131 315608417
428035131 401679153
428035131 153986301
428035131 429270858
428035131 418522186
428035131 41020949
938998548 1649128358
938998548 2364309332
938998548 733465476
938998548 560120957
938998548 236845613
938998548 389343690
938998548 1908987852
938998548 1658899052
938998548 78109350
938998548 20037486
938998548 2289401443
938998548 424878271
938998548 32240305
938998548 97487983
938998548 45262242
938998548 1849159512
938998548 2281893392
938998548 25570546
938998548 2205984864
938998548 2287298178
938998548 2229437862
938998548 2281692692
938998548 2286535838
938998548 30539843
938998548 1617299288
938998548 236077937
938998548 914515758
938998548 17519229
938998548 21184213
938998548 149053646
938998548 468251398
938998548 882184808
938998548 43570256
938998548 237297936
938998548 965961164
938998548 2209222634
938998548 2205595776
938998548 487877527
938998548 2187466037
938998548 1927400438
938998548 45825920
938998548 254577740
938998548 14102613
938998548 2157689737
938998548 67149451
938998548 245754650
938998548 1725513314
938998548 1244309798
938998548 1581151388
938998548 811101091
938998548 244122614
938998548 1089609602
938998548 958490564
938998548 856939650
938998548 920753816
938998548 1634894503
938998548 426223057
938998548 224132054
938998548 1684282766
938998548 1394904265
938998548 237330000
938998548 268323153
938998548 30814459
938998548 219473888
938998548 481016577
938998548 242068625
938998548 1470681835
938998548 485913613
938998548 1487730092
938998548 63185370
938998548 1324292497
938998548 22134796
938998548 1471659378
938998548 81792185
938998548 469279741
938998548 754939860
938998548 1415086196
938998548 16710622
938998548 68453686
938998548 393456975
938998548 528791255
938998548 219657633
938998548 617427922
938998548 70357593
938998548 15511919
938998548 334522820
938998548 388280458
938998548 1307164399
938998548 124430076
938998548 24852426
938998548 1227879650
938998548 16887185
938998548 1022543810
938998548 107002022
938998548 1218235176
938998548 21751766
938998548 946325467
938998548 106134689
938998548 258721853
938998548 341563568
938998548 140164829
938998548 154654034
938998548 34541246
938998548 306103527
938998548 895989816
938998548 1077163921
938998548 300862563
938998548 79132152
938998548 1052393270
938998548 80398032
938998548 551712160
938998548 237720851
720305994 1649128358
720305994 2364309332
720305994 733465476
720305994 365747277
720305994 995896320
720305994 2258281793
720305994 2246076508
720305994 406596771
720305994 319133218
720305994 2214971251
720305994 226946313
720305994 1604098777
720305994 35951271
720305994 274551425
720305994 1609793672
720305994 1559481181
720305994 501431318
720305994 15999093
720305994 376451159
720305994 458699468
720305994 584276130
720305994 1362368030
720305994 954467678
720305994 232061821
720305994 330778676
720305994 478951993
720305994 1325257740
720305994 1331547854
720305994 563394639
720305994 47262027
720305994 31340935
720305994 899055660
720305994 1284340214
720305994 84423425
720305994 438686971
720305994 963709141
720305994 1007817180
720305994 613958205
720305994 269055437
720305994 381624932
720305994 1078475474
720305994 39127286
720305994 211922641
720305994 1146745117
720305994 729839341
720305994 110833668
720305994 517285573
720305994 712875163
720305994 53666093
720305994 887754480
720305994 831740162
720305994 30114937
720305994 33334720
720305994 410985308
720305994 193492962
720305994 807290328
720305994 613397106
720305994 561375841
720305994 280358451
720305994 247111670
720305994 14724995
720305994 28601106
720305994 61657831
720305994 246351541
720305994 304903103
720305994 999884886
720305994 319273552
720305994 977070384
720305994 538487821
720305994 360398512
720305994 34211966
720305994 130693214
720305994 176422298
720305994 223962301
720305994 273638008
720305994 451106679
720305994 249434251
720305994 435465601
720305994 351130977
720305994 421597981
720305994 942687830
720305994 498155260
720305994 556211823
720305994 925851745
720305994 295453461
720305994 17488246
720305994 346397121
720305994 378188646
720305994 101940966
720305994 58694555
720305994 431837860
720305994 87629437
170966311 1649128358
170966311 2364309332
170966311 733465476
170966311 179442130
170966311 735910999
170966311 204054230
170966311 164626209
170966311 1547399240
170966311 1543028503
170966311 763813021
170966311 1055460854
170966311 863267664
170966311 516382559
170966311 440926600
170966311 320711234
170966311 122320720
170966311 141835999
170966311 154412099
170966311 243034468
170966311 172301045
170966311 144244101
199739638 1649128358
199739638 2364309332
199739638 733465476
199739638 29747339
199739638 287830726
199739638 2348605483
199739638 1941481165
199739638 1472726473
199739638 403167351
199739638 214850490
199739638 363114205
199739638 2311931659
199739638 1604527482
199739638 52753363
199739638 66210328
199739638 830259637
199739638 820456939
199739638 523631856
199739638 311317495
199739638 355865104
199739638 26468367
199739638 123744491
199739638 348047415
199739638 2220033192
199739638 2217008906
199739638 850877130
199739638 1468817515
199739638 233717191
199739638 141097437
199739638 1077148357
199739638 1018678320
199739638 514796927
199739638 707997842
199739638 903987680
199739638 869010084
199739638 80408317
199739638 598768073
199739638 574120565
199739638 515161516
199739638 32428724
199739638 24189051
199739638 41489689
199739638 301892436
199739638 321838602
199739638 167060367
199739638 227913587
199739638 146586472
199739638 156816573
199739638 269491126
199739638 244285390
199739638 198598752
199739638 12055132
199739638 63193556
199739638 208151040
199739638 18382631
199739638 17859436
199739638 19477189
2329594608 1649128358
2329594608 2364309332
2329594608 1478847912
2329594608 733465476
2329594608 2324612978
2329594608 198328318
2329594608 15747938
2329594608 32189105
2329594608 35595347
2329594608 1329340970
2329594608 714894272
2329594608 1545981176
2329594608 105171315
2329594608 1543835071
2329594608 2239842223
2329594608 17296676
2329594608 33561703
2329594608 761551513
2329594608 2345710728
2329594608 151544565
2329594608 958029000
2329594608 75199362
2329594608 383959892
2329594608 7721172
2329594608 301795512
2329594608 884902201
2329594608 33622916
2329594608 312866029
2329594608 50039347
2329594608 93510913
2329594608 139988522
2329594608 472085509
2329594608 1005392378
2329594608 2332769670
2329594608 38471666
2329594608 378255190
2329594608 24587283
2329594608 18438022
2329594608 63597938
2329594608 2330419976
2329594608 26030979
2329594608 28812311
2329594608 8890092
2329594608 175716501
2329594608 18539631
2329594608 37361097
2329594608 19396965
2329594608 392532899
2329594608 21823593
2329594608 64822747
2329594608 416995795
2329594608 129657751
2329594608 2327210710
2329594608 355700017
2329594608 430431871
2329594608 529559371
2329594608 268608400
98768734 1649128358
98768734 733465476
98768734 35072292
98768734 2270042994
98768734 32143539
98768734 1872304458
98768734 990358172
98768734 23170047
98768734 385671657
98768734 425921301
98768734 713677249
98768734 252838734
98768734 64921957
98768734 28911263
98768734 23498864
40087445 1649128358
40087445 733465476
40087445 68349751
40087445 203452248
40087445 63939401
40087445 16638973
40087445 227712275
40087445 264169711
40087445 86392183
40087445 1157315995
40087445 79145674
40087445 226746221
40087445 36982750
40087445 909692208
40087445 900298747
40087445 900264252
40087445 239295813
40087445 204367301
40087445 15066760
40087445 852493230
40087445 253039233
40087445 800022882
40087445 132984682
40087445 91868758
40087445 459669572
40087445 23611622
40087445 573284956
40087445 507817321
40087445 552595959
40087445 469593736
40087445 50090454
40087445 249824526
40087445 371103814
40087445 28166828
40087445 471189806
40087445 282021235
40087445 166961215
40087445 49582961
40087445 322589225
40087445 53349469
40087445 53886585
40087445 286569607
40087445 204507108
40087445 333325266
40087445 310500261
40087445 35210693
40087445 252214424
40087445 257333185
40087445 244170365
40087445 245156920
40087445 239672018
40087445 192308438
40087445 184899979
40087445 20010862
40087445 110553605
40087445 69234573
40087445 74823198
40087445 64382447
43907144 1649128358
43907144 2364309332
43907144 733465476
43907144 1533947666
43907144 2317286796
43907144 896057234
43907144 187352319
43907144 310069889
43907144 985599372
43907144 2258058092
43907144 475058310
43907144 39181109
43907144 29136384
43907144 496377921
43907144 1726046287
43907144 1281800198
43907144 1726021928
43907144 1721264996
43907144 48085143
43907144 1698382567
43907144 1700507814
43907144 1723912812
43907144 1716489043
43907144 167988682
43907144 1724090792
43907144 481640185
43907144 1722907243
43907144 1700291660
43907144 1891693050
43907144 103286253
43907144 65189673
43907144 330778149
43907144 16619440
43907144 1725921961
43907144 1723895892
43907144 1725976296
43907144 1722597764
43907144 1681942123
43907144 1725513048
43907144 427137887
43907144 594289192
43907144 36708273
43907144 757862089
43907144 259472632
43907144 389634031
43907144 183669194
43907144 389557876
43907144 243909292
43907144 474435950
43907144 468038749
43907144 915810560
43907144 521733284
43907144 1557108110
43907144 758224368
43907144 1534428330
43907144 28056055
43907144 430896029
43907144 370491819
43907144 589210577
43907144 423759161
43907144 470642414
43907144 44634099
43907144 61574909
43907144 313724897
43907144 608614676
43907144 1043546995
43907144 367888283
43907144 732948330
43907144 279668545
43907144 81013860
43907144 61345178
43907144 308718593
43907144 263871381
43907144 633367848
43907144 136337303
43907144 595683747
43907144 217667647
43907144 66364944
43907144 287442044
43907144 394925427
43907144 564127479
43907144 280152770
43907144 578208828
43907144 429167323
43907144 65226857
43907144 502154602
43907144 502064622
43907144 77076014
43907144 19976756
43907144 368563584
43907144 468249140
43907144 52831948
43907144 302056646
43907144 302361325
43907144 137434047
43907144 177239750
43907144 369907127
43907144 406752026
43907144 201368364
43907144 26747633
43907144 215451559
43907144 413428743
43907144 289171421
43907144 242973628
43907144 265244528
43907144 173615356
43907144 72713671
43907144 403148986
43907144 115502351
43907144 18228946
43907144 377623852
43907144 242898212
43907144 90332582
43907144 201388079
43907144 47539425
43907144 45487553
43907144 97338634
43907144 296532390
43907144 16657584
43907144 56602185
43907144 272087235
43907144 71546135
43907144 178617126
43907144 33953163
43907144 211212434
43907144 333660084
43907144 316639134
43907144 313421731
43907144 38191452
43907144 104270303
43907144 215114247
43907144 280684869
43907144 188164760
43907144 248982286
43907144 193548011
43907144 215881526
43907144 226805093
43907144 24618815
43907144 242046477
43907144 242042001
43907144 55258467
43907144 27697220
43907144 44409432
43907144 87496133
43907144 45676498
43907144 20123363
43907144 90696100
43907144 178432948
43907144 37034315
43907144 48618686
43907144 119909959
43907144 116368143
43907144 115832396
43907144 53461494
43907144 51282937
43907144 45042720
43907144 45286026
43907144 43173864
43907144 21445580
43907144 29267958
43907144 17824044
43907144 23847465
461653552 1649128358
461653552 2364309332
461653552 733465476
461653552 36870306
461653552 1293489301
461653552 359498474
461653552 2338261617
461653552 2210532235
461653552 389174307
461653552 68706300
461653552 343418633
461653552 1081529322
461653552 532755233
461653552 1695017630
461653552 152828916
461653552 631397593
461653552 411975945
461653552 373694019
461653552 389718003
461653552 1546998204
461653552 1067246940
461653552 381615242
461653552 1452137215
461653552 407146242
461653552 362558616
461653552 1319565440
461653552 1331584448
461653552 249744193
461653552 406623949
461653552 1168023800
461653552 458951706
461653552 250788813
461653552 422862097
461653552 364652794
461653552 25580258
461653552 408955476
461653552 58526377
461653552 177402140
461653552 64100612
461653552 26918551
461653552 205748132
461653552 902761627
461653552 892543921
461653552 104305367
461653552 247618845
461653552 296945825
461653552 451558311
461653552 354727695
461653552 99547270
461653552 499175636
461653552 355369724
461653552 74934912
461653552 458726605
461653552 320531722
461653552 142062135
461653552 418351497
461653552 385004588
461653552 411220730
461653552 78156935
461653552 226575273
461653552 188627828
461653552 33275519
461653552 22576097
461653552 116253794
461653552 221919504
461653552 77557611
461653552 117411001
461653552 48916326
461653552 321538125
430195404 1649128358
430195404 2364309332
430195404 733465476
430195404 876544544
430195404 1958259283
430195404 1904295002
430195404 1860369086
430195404 1000389073
430195404 1658561838
430195404 264016899
430195404 376365267
430195404 1538626975
430195404 428645978
430195404 1291317096
430195404 52753363
430195404 1228370222
430195404 496237331
430195404 316861526
430195404 986475684
430195404 206207919
430195404 449672753
430195404 962305346
430195404 949565454
430195404 891892789
430195404 454297199
430195404 868617727
430195404 149860059
430195404 558216646
430195404 632316387
430195404 807832106
430195404 45931734
430195404 620806581
430195404 615216385
430195404 613830448
430195404 115413544
430195404 594018590
430195404 397194239
430195404 468919292
430195404 555873401
430195404 131149433
430195404 315882945
430195404 554265121
430195404 551865494
430195404 291839101
430195404 548781342
430195404 396747147
430195404 413123066
430195404 381745674
430195404 467423393
430195404 515389416
430195404 456794522
430195404 154852024
430195404 310971744
430195404 440206774
430195404 495244215
430195404 182549407
430195404 47418202
430195404 10939772
430195404 458414170
430195404 267955487
430195404 141883830
430195404 400389979
430195404 274474814
430195404 115436050
430195404 429083539
430195404 333417123
430195404 97397967
430195404 427480717
430195404 420223136
430195404 393878972
430195404 93417256
2345814848 1649128358
2345814848 733465476
2345814848 2365089303
2345814848 1616827286
2345814848 2336549340
2345814848 2312307845
2345814848 286230473
2345814848 921510950
203198598 1649128358
203198598 2364309332
203198598 539851758
203198598 733465476
203198598 189664627
203198598 1315121844
203198598 519283761
203198598 2311230171
203198598 2252899549
203198598 15339875
203198598 341952721
203198598 221322943
203198598 242036960
203198598 1316322955
203198598 58836892
203198598 1112305489
203198598 411031318
203198598 3373791
203198598 371201778
203198598 492709131
203198598 45959686
203198598 276149605
203198598 23833842
203198598 253376339
203198598 275535589
203198598 236991195
203198598 233580990
203198598 198586522
203198598 320270604
203198598 52152862
203198598 292059291
203198598 274108636
203198598 545252401
203198598 76841724
203198598 18496928
203198598 411899142
203198598 411373540
203198598 176877935
203198598 14468495
203198598 389718003
203198598 223948673
203198598 202758880
344141714 1649128358
344141714 2364309332
344141714 539851758
344141714 733465476
344141714 518410497
344141714 1446536581
344141714 65659391
344141714 349098101
344141714 1839525733
344141714 1015246316
344141714 25605561
344141714 233249029
344141714 20486817
344141714 2295542330
344141714 2295543770
344141714 552650354
344141714 18539631
344141714 458820573
344141714 958459220
344141714 775404703
344141714 33345781
344141714 1641830581
344141714 312717778
344141714 187546585
344141714 2165246972
344141714 49875537
344141714 25281063
344141714 357264035
344141714 41479790
344141714 188741478
344141714 59692443
344141714 334277341
344141714 620284948
344141714 306582835
344141714 633899093
344141714 9202882
344141714 41022908
344141714 2159490102
344141714 1914946717
344141714 1855871695
344141714 121797430
344141714 41054121
344141714 123569056
344141714 57556377
344141714 1271221393
344141714 390905408
344141714 105588068
344141714 463536994
344141714 65577676
344141714 295391250
344141714 74224045
344141714 249166979
344141714 63275864
344141714 848053710
344141714 15827516
344141714 1523397205
344141714 33111217
344141714 89731752
344141714 476523222
344141714 257198865
344141714 1353939289
344141714 321681438
344141714 1357892143
344141714 192141310
344141714 48242011
344141714 1363217324
344141714 551021090
344141714 31465017
344141714 35741196
344141714 69607151
344141714 558254592
344141714 18790031
344141714 1158782713
344141714 733054484
344141714 323933270
344141714 186844493
344141714 1222468436
344141714 38804737
344141714 387357163
344141714 161610564
344141714 848034830
344141714 734865768
344141714 17503693
344141714 135348838
344141714 16379892
344141714 375696658
344141714 968490704
344141714 86392183
344141714 260340277
344141714 1107644366
344141714 16897237
344141714 211905743
344141714 52998511
344141714 541958701
344141714 361468994
344141714 45911194
344141714 488655219
344141714 39550095
344141714 24615489
344141714 329976571
344141714 315002750
344141714 17943547
344141714 143975582
344141714 314939857
344141714 16885735
344141714 232723417
344141714 258921064
344141714 47411260
138140005 2319241238
138140005 1649128358
138140005 788668488
138140005 2258123574
138140005 733465476
138140005 39846405
138140005 2331664267
138140005 66459688
138140005 2354600846
138140005 1359396745
138140005 2352316196
138140005 219634243
138140005 1451174202
138140005 2353022030
138140005 130100394
138140005 868647822
138140005 297662883
138140005 82925232
138140005 17884677
138140005 272914881
138140005 272803118
138140005 272886564
138140005 272761524
138140005 1943557796
138140005 2266927832
138140005 1951764348
138140005 707098318
138140005 233873266
138140005 1391709680
138140005 253570844
138140005 47540787
138140005 9806202
138140005 787536608
138140005 1006049984
138140005 988235030
138140005 526004226
138140005 959493367
138140005 840068238
138140005 931453596
138140005 889135627
138140005 374865782
138140005 538795774
138140005 445467331
138140005 360432148
138140005 20128010
138140005 327575624
138140005 307718036
138140005 16910244
138140005 191883936
138140005 189509089
138140005 118129236
138140005 143026035
138140005 141676799
138140005 140863510
138140005 131835459
81529599 1649128358
81529599 2364309332
81529599 733465476
81529599 244204004
81529599 381615242
81529599 1067246940
81529599 1478401488
81529599 25691835
81529599 22419139
81529599 36165453
2305115245 1649128358
2305115245 539851758
2305115245 414875782
2305115245 733465476
2305115245 142049242
2305115245 55879703
2305115245 760027237
2305115245 2288330382
2305115245 2362040581
2305115245 104612963
2305115245 94194183
2305115245 2357837965
2305115245 389591882
2305115245 204248060
2305115245 412561725
2305115245 228779978
2305115245 421983899
2305115245 2297490480
2305115245 1137530155
2305115245 85497331
2305115245 46553308
2305115245 67193286
2305115245 2330044003
2305115245 94160086
2305115245 51847842
2305115245 2352316196
2305115245 2348954313
2305115245 27897667
2305115245 414898225
2305115245 400310004
2305115245 2286243541
2305115245 19208892
2305115245 1910400115
2305115245 296224529
2305115245 40258751
2305115245 2312203302
2305115245 296233261
2305115245 296214396
2305115245 296220939
2305115245 22411342
2305115245 72471069
2305115245 1168331011
2305115245 21837967
2305115245 15932734
2305115245 296198328
2305115245 39550095
2305115245 17325412
2305115245 22173272
2305115245 2330547332
2305115245 72847303
2305115245 393852743
2305115245 33597675
2305115245 15839517
2305115245 2271344387
2305115245 601089667
2305115245 454114258
2305115245 210235719
2305115245 278450525
2305115245 45906466
2305115245 949861346
2305115245 269958036
2305115245 32401783
2305115245 374308655
2305115245 1140907350
2305115245 172913447
2305115245 715463143
480940493 1649128358
480940493 2364309332
480940493 733465476
480940493 2230276532
480940493 594687892
480940493 2350415691
480940493 311758561
480940493 59915164
480940493 1916160883
480940493 207637542
480940493 594982929
480940493 2302599395
480940493 1894610390
480940493 18963829
480940493 336287773
480940493 1945914944
480940493 1929724358
480940493 2213190692
480940493 24833995
480940493 443903746
480940493 150813053
480940493 90091527
480940493 1911776540
480940493 1378616144
480940493 387031740
480940493 928548156
480940493 607863253
480940493 252390481
480940493 303507639
480940493 570875367
480940493 1594922382
480940493 59075411
480940493 352120894
480940493 111469399
480940493 384101358
480940493 968135941
480940493 458151659
480940493 23110431
480940493 301764361
480940493 1141327668
480940493 407924212
480940493 270427528
480940493 374261030
480940493 370812272
480940493 420485555
480940493 1327534160
480940493 202356408
480940493 875540276
480940493 1154931254
480940493 1138430658
480940493 327749996
480940493 849282799
480940493 96026528
480940493 386646009
480940493 286962170
480940493 348599973
480940493 505268092
480940493 392664040
480940493 398141854
480940493 49350050
480940493 1049125028
480940493 317220907
480940493 712778046
480940493 115560588
480940493 403378091
480940493 227062980
480940493 1090027303
480940493 413266037
480940493 1037810636
480940493 61871783
480940493 872692140
480940493 340670373
480940493 486029126
480940493 166743987
480940493 34588792
480940493 257525296
480940493 481231824
480940493 377963755
480940493 369762588
480940493 923354102
480940493 42117078
480940493 104709565
480940493 19669694
480940493 877416607
480940493 930975932
480940493 217153007
480940493 928998908
480940493 555211016
480940493 366921285
480940493 847314600
480940493 914995952
480940493 351723095
480940493 888082062
480940493 274305111
480940493 887414184
480940493 868179992
480940493 799606428
480940493 788525588
480940493 396927962
480940493 267892155
480940493 377952639
480940493 204170755
480940493 858986022
480940493 36732348
480940493 42501469
480940493 325968086
480940493 840087439
480940493 339108141
480940493 404309725
480940493 185791333
480940493 429074695
480940493 18845498
480940493 508932955
480940493 494058220
480940493 429474801
480940493 19096240
480940493 528192324
480940493 541899732
480940493 166976891
480940493 373867787
480940493 635836488
480940493 508966178
480940493 421428693
480940493 582893544
480940493 342425591
480940493 380739412
480940493 545312954
480940493 500232794
480940493 383447107
480940493 397556849
480940493 337425476
480940493 630391311
480940493 403768229
480940493 278669571
480940493 68892743
480940493 390533577
480940493 65931312
480940493 402285894
480940493 41661121
480940493 609323114
480940493 611727554
480940493 160411571
480940493 575058481
480940493 217805260
480940493 475077987
480940493 251180004
480940493 386048453
480940493 420850311
480940493 594030060
480940493 534924106
480940493 18785976
480940493 579515026
480940493 263872830
480940493 432143326
480940493 568576634
480940493 259342209
480940493 477087217
480940493 393428085
480940493 564222075
480940493 386834298
480940493 377018148
480940493 37836873
480940493 204415130
480940493 523653489
480940493 420513365
480940493 340295177
480940493 390722967
480940493 511023717
480940493 333124927
480940493 505837103
480940493 506312203
480940493 55037560
480940493 399188763
480940493 404322612
480940493 486306856
480940493 524802703
480940493 311703398
480940493 374009567
480940493 372603480
480940493 37773852
480940493 357755830
480940493 61203239
480940493 448566444
54139655 1649128358
54139655 2364309332
54139655 733465476
54139655 548943019
54139655 229378406
54139655 1544075845
54139655 411245161
54139655 276704685
54139655 2214542550
54139655 2202192396
54139655 2291614584
54139655 411086599
54139655 478006040
54139655 346378034
54139655 392804173
54139655 499461071
54139655 367260833
54139655 42753497
54139655 53579383
54139655 345707787
54139655 176156011
54139655 739334904
54139655 51865904
54139655 1150016016
54139655 362817871
54139655 585271451
54139655 18721742
54139655 2184223329
54139655 890076266
54139655 16498592
54139655 195064287
54139655 558121422
54139655 375941156
54139655 2171797942
54139655 292039720
54139655 378387760
54139655 468726705
54139655 331943817
54139655 223628059
54139655 27784456
54139655 368729153
54139655 1661788603
54139655 1249872020
54139655 202446766
54139655 1869825415
54139655 385731737
54139655 620572836
54139655 446746065
54139655 34527388
54139655 532510285
54139655 23770465
54139655 20776410
54139655 231136728
54139655 46884292
54139655 54534275
54139655 82811922
54139655 13046672
54139655 18794153
54139655 23968822
54139655 15642119
54139655 16378698
54139655 21309942
2326111124 1649128358
2326111124 2364309332
2326111124 733465476
2326111124 539851758
2326111124 2202037482
2326111124 1315121844
2326111124 836636059
2326111124 14314467
129233941 1649128358
129233941 2364309332
129233941 733465476
129233941 231824388
129233941 624870435
129233941 96634730
129233941 2342565644
129233941 2316748336
129233941 13907922
129233941 15837844
129233941 2328146264
129233941 1944471236
129233941 1388323874
129233941 33930938
129233941 2118841
129233941 1099203565
129233941 27889670
129233941 1858965456
129233941 498817399
129233941 335637447
129233941 1562971
129233941 114005403
129233941 192151073
129233941 184199093
129233941 129425986
129233941 121338184
92107338 1649128358
92107338 2364309332
92107338 603775877
92107338 733465476
92107338 263275709
92107338 2361758473
92107338 2301309944
92107338 146316919
92107338 14722676
92107338 207717785
92107338 1179328087
92107338 1928002914
92107338 965780071
92107338 1244313356
92107338 72621255
92107338 1954879488
92107338 397139511
92107338 317959664
92107338 196229864
92107338 253685709
92107338 1105023067
92107338 36593743
92107338 33552794
92107338 2304003919
92107338 20414217
92107338 117827824
92107338 2252267618
92107338 615927039
92107338 2189070702
92107338 551315624
92107338 2252218884
92107338 1379441622
92107338 184921847
92107338 156052545
92107338 1918712642
92107338 332803758
92107338 44209472
92107338 21407083
92107338 369027844
92107338 224382700
92107338 2332885284
92107338 31592058
92107338 1941483229
92107338 437707118
92107338 131276801
92107338 1453702609
92107338 300065871
92107338 468094228
92107338 1389446222
92107338 28835131
92107338 1139732990
92107338 468036052
92107338 325799371
92107338 556322943
92107338 48572412
92107338 69041668
92107338 47714847
92107338 255650573
92107338 390914341
92107338 2287427389
92107338 76348185
92107338 2303739265
92107338 2278613538
92107338 2276886510
92107338 2299755806
92107338 2276869794
92107338 2218423736
92107338 140084640
92107338 2229578648
92107338 324485273
92107338 2242959450
92107338 2297709426
92107338 2206347212
92107338 2287324638
92107338 2240526475
92107338 2276603690
92107338 2218438915
92107338 2229438906
92107338 2301387578
92107338 2301373098
92107338 1924246502
92107338 2275091682
92107338 2294076188
92107338 2278246015
92107338 2278247394
92107338 2287428138
92107338 2301014881
92107338 2303544744
92107338 2243618300
92107338 2287297549
92107338 2283024330
92107338 2281710601
92107338 1357502341
92107338 2275865095
92107338 2284589809
143180889 1649128358
143180889 1315121844
143180889 733465476
143180889 163813708
143180889 112074755
143180889 606334552
143180889 2153875171
143180889 266175742
143180889 85375463
143180889 390017085
143180889 163014301
143180889 964330118
143180889 823492784
143180889 385009842
143180889 362097184
143180889 430915281
143180889 507632671
143180889 547533833
143180889 71203304
143180889 519216662
143180889 262351575
143180889 487362137
143180889 110675047
143180889 189533673
143180889 193710917
143180889 312949058
143180889 343295278
143180889 209728013
143180889 147680034
143180889 284770850
143180889 293185489
143180889 25471206
18290951 205373521
18290951 822379304
18290951 14968946
18290951 201942202
18290951 1258322708
18290951 147602927
18290951 47474634
18290951 2363729995
18290951 2326111124
18290951 143180889
18290951 2363464284
18290951 584745317
18290951 92107338
18290951 129233941
18290951 2362296302
18290951 2365127177
18290951 237293721
18290951 1684113680
18290951 88701018
18290951 18419094
18290951 15442536
18290951 30515105
18290951 786986688
18290951 16246850
18290951 2358625134
18290951 573320422
18290951 2357100228
18290951 16310349
18290951 257150435
18290951 624870435
18290951 1649128358
18290951 54139655
18290951 107882445
18290951 1170280729
18290951 480940493
18290951 1787311
18290951 2352313026
18290951 306439716
18290951 501395840
18290951 30661952
18290951 598685609
18290951 319197105
18290951 2303298074
18290951 969294708
18290951 176650136
18290951 191744929
18290951 2337744884
18290951 2305115245
18290951 81529599
18290951 1004387682
18290951 138140005
18290951 262209910
18290951 18963829