0 1 1
0 2 1
0 3 1
0 4 1
0 5 1
0 6 1
0 7 1
0 8 1
0 9 1
0 10 1
0 11 1
0 12 1
0 13 1
0 14 1
0 15 1
0 16 1
0 17 1
0 18 1
0 19 1
0 20 1
0 21 1
0 22 1
0 23 1
0 24 1
0 25 1
0 26 1
0 27 1
0 28 1
0 29 1
0 30 1
0 31 1
1 32 1
1 33 1
1 34 1
1 35 1
1 36 1
1 37 1
1 38 1
1 39 1
1 40 1
1 41 1
1 42 1
1 43 1
1 44 1
1 45 1
1 46 1
1 47 1
1 48 1
1 49 1
1 50 1
1 51 1
1 52 1
1 53 1
1 54 1
1 55 1
1 56 1
1 57 1
1 58 1
1 59 1
1 60 1
1 61 1
1 62 1
1 63 1
1 64 1
1 65 1
1 66 1
1 67 1
1 68 1
1 69 1
1 70 1
1 71 1
1 72 1
1 73 1
1 74 1
1 75 1
1 76 1
1 77 1
1 78 1
1 79 1
1 80 1
1 81 1
1 82 1
1 83 1
1 84 1
1 85 1
1 86 1
1 87 1
1 88 1
1 89 1
1 90 1
1 91 1
1 92 1
1 93 1
1 94 1
1 95 1
1 96 1
1 97 1
1 98 1
1 99 1
1 100 1
1 101 1
1 102 1
1 103 1
1 104 1
1 105 1
1 106 1
1 107 1
1 108 1
1 109 1
1 110 1
1 111 1
1 112 1
1 113 1
1 114 1
1 115 1
1 116 1
1 117 1
1 118 1
1 119 1
1 120 1
1 121 1
2 32 1
2 33 1
2 35 1
2 122 1
2 123 1
2 124 1
2 125 1
2 126 1
2 127 1
2 128 1
2 129 1
2 130 1
2 131 1
2 132 1
2 133 1
2 134 1
2 135 1
2 136 1
3 32 1
3 33 1
3 35 1
3 137 1
3 138 1
3 139 1
3 140 1
3 141 1
3 142 1
3 143 1
3 144 1
3 145 1
3 146 1
3 147 1
3 148 1
3 149 1
3 150 1
4 32 1
4 35 1
4 151 1
4 152 1
4 153 1
4 154 1
4 155 1
4 156 1
4 157 1
4 158 1
4 159 1
4 160 1
4 161 1
4 162 1
4 163 1
4 164 1
4 165 1
4 166 1
4 167 1
4 168 1
4 169 1
4 170 1
4 171 1
4 172 1
4 173 1
4 174 1
4 175 1
4 176 1
4 177 1
4 178 1
4 179 1
4 180 1
4 181 1
4 182 1
4 183 1
4 184 1
4 185 1
4 186 1
4 187 1
4 188 1
4 189 1
4 190 1
4 191 1
4 192 1
4 193 1
4 194 1
4 195 1
4 196 1
4 197 1
5 32 1
5 33 1
5 35 1
5 198 1
5 199 1
5 200 1
5 201 1
5 202 1
5 203 1
5 204 1
5 205 1
5 206 1
5 207 1
5 208 1
5 209 1
5 210 1
5 211 1
5 212 1
5 213 1
5 214 1
5 215 1
5 216 1
6 32 1
6 33 1
6 217 1
6 218 1
6 219 1
6 220 1
6 221 1
6 222 1
6 223 1
6 224 1
6 225 1
6 226 1
6 227 1
6 228 1
6 229 1
6 230 1
6 231 1
6 232 1
6 233 1
6 234 1
6 235 1
6 236 1
6 237 1
6 238 1
6 239 1
6 240 1
6 241 1
6 242 1
6 243 1
6 244 1
6 245 1
6 246 1
6 247 1
6 248 1
6 249 1
6 250 1
6 251 1
6 252 1
6 253 1
6 254 1
6 255 1
6 256 1
6 257 1
6 258 1
6 259 1
6 260 1
6 261 1
6 262 1
6 263 1
6 264 1
6 265 1
6 266 1
6 267 1
6 268 1
6 269 1
6 270 1
6 271 1
6 272 1
6 273 1
6 274 1
6 275 1
6 276 1
6 277 1
6 278 1
6 279 1
6 280 1
6 281 1
6 282 1
6 283 1
6 284 1
6 285 1
6 286 1
6 287 1
7 32 1
7 33 1
7 35 1
7 288 1
7 289 1
7 290 1
7 291 1
7 292 1
7 143 1
7 293 1
7 294 1
7 295 1
7 296 1
7 297 1
7 298 1
7 299 1
8 32 1
8 33 1
8 35 1
8 300 1
8 301 1
8 302 1
8 303 1
8 304 1
8 305 1
8 306 1
8 307 1
8 308 1
8 309 1
8 310 1
8 311 1
8 312 1
8 313 1
8 314 1
8 315 1
8 316 1
8 317 1
8 318 1
8 319 1
8 320 1
8 321 1
8 322 1
8 323 1
8 324 1
8 325 1
8 326 1
8 327 1
8 328 1
8 329 1
8 330 1
8 331 1
8 332 1
8 333 1
8 334 1
8 335 1
8 336 1
8 337 1
8 338 1
8 339 1
8 340 1
8 341 1
8 342 1
8 343 1
8 344 1
8 345 1
8 346 1
8 347 1
8 348 1
8 349 1
8 350 1
8 351 1
8 352 1
8 353 1
8 354 1
8 355 1
8 356 1
8 357 1
8 358 1
8 359 1
8 360 1
8 361 1
8 362 1
8 363 1
8 364 1
8 365 1
8 366 1
8 367 1
8 368 1
8 369 1
8 370 1
8 371 1
8 372 1
8 373 1
8 374 1
8 375 1
8 376 1
8 377 1
8 378 1
8 379 1
8 380 1
8 381 1
8 382 1
8 383 1
8 384 1
8 385 1
8 386 1
8 387 1
8 388 1
8 389 1
8 390 1
8 391 1
8 392 1
8 393 1
8 394 1
8 395 1
8 396 1
8 397 1
8 398 1
8 399 1
8 400 1
8 401 1
8 402 1
8 403 1
8 404 1
8 405 1
8 406 1
8 407 1
8 408 1
8 409 1
8 410 1
8 411 1
8 412 1
8 413 1
8 414 1
8 415 1
8 416 1
8 417 1
8 418 1
8 419 1
8 420 1
8 421 1
8 422 1
8 423 1
8 424 1
8 425 1
8 426 1
8 427 1
8 428 1
8 429 1
8 430 1
8 431 1
8 432 1
8 433 1
8 434 1
8 435 1
8 436 1
8 437 1
8 438 1
8 439 1
8 440 1
8 441 1
9 32 1
9 33 1
9 35 1
9 442 1
9 443 1
9 444 1
9 445 1
9 446 1
9 447 1
9 448 1
9 449 1
9 450 1
9 451 1
9 452 1
9 453 1
9 454 1
9 455 1
9 456 1
9 457 1
9 458 1
9 459 1
9 460 1
9 461 1
9 462 1
9 463 1
9 464 1
9 465 1
9 466 1
9 467 1
9 468 1
9 469 1
9 470 1
9 471 1
9 472 1
9 473 1
9 474 1
9 475 1
9 476 1
9 477 1
9 478 1
9 479 1
9 480 1
9 481 1
9 482 1
9 483 1
9 484 1
9 485 1
9 486 1
9 487 1
9 488 1
9 489 1
9 490 1
9 491 1
9 492 1
9 493 1
9 494 1
9 495 1
9 496 1
9 497 1
9 498 1
9 499 1
9 500 1
9 501 1
9 502 1
9 503 1
9 504 1
9 505 1
9 506 1
9 507 1
9 508 1
9 509 1
9 510 1
9 511 1
9 512 1
9 513 1
9 514 1
9 515 1
9 516 1
9 517 1
9 518 1
9 519 1
9 520 1
9 521 1
9 522 1
9 523 1
9 524 1
9 525 1
9 526 1
9 527 1
9 528 1
9 529 1
9 530 1
9 531 1
9 532 1
9 533 1
9 534 1
9 535 1
9 536 1
9 537 1
9 538 1
9 539 1
9 540 1
9 541 1
9 542 1
9 543 1
9 544 1
9 545 1
9 546 1
9 547 1
9 548 1
9 549 1
9 550 1
10 32 1
10 33 1
10 35 1
10 551 1
10 552 1
10 553 1
10 554 1
10 555 1
10 556 1
10 557 1
10 558 1
10 559 1
10 560 1
10 561 1
10 562 1
10 563 1
10 564 1
10 565 1
10 566 1
10 567 1
10 568 1
10 569 1
10 570 1
10 571 1
10 572 1
10 573 1
10 574 1
10 575 1
10 576 1
10 577 1
10 578 1
10 579 1
10 580 1
10 581 1
10 582 1
10 583 1
10 584 1
10 585 1
10 586 1
10 587 1
10 588 1
10 589 1
10 590 1
10 591 1
10 592 1
10 593 1
10 594 1
10 595 1
10 596 1
10 597 1
10 598 1
10 599 1
10 600 1
10 601 1
10 602 1
10 603 1
10 604 1
10 605 1
10 606 1
10 607 1
10 608 1
10 609 1
10 610 1
10 611 1
10 612 1
10 613 1
10 614 1
10 615 1
10 616 1
10 617 1
10 618 1
10 619 1
10 620 1
10 621 1
10 622 1
10 623 1
10 624 1
10 625 1
10 626 1
10 627 1
10 628 1
10 629 1
10 630 1
10 631 1
10 632 1
10 633 1
10 634 1
10 635 1
10 636 1
10 637 1
10 638 1
10 639 1
11 32 1
11 33 1
11 35 1
11 640 1
11 641 1
11 642 1
11 643 1
11 644 1
11 645 1
11 646 1
11 647 1
11 648 1
11 649 1
11 650 1
11 651 1
11 652 1
11 653 1
11 654 1
11 655 1
11 656 1
11 657 1
12 32 1
12 33 1
12 35 1
12 658 1
12 659 1
12 660 1
12 661 1
12 662 1
12 663 1
12 664 1
12 665 1
12 666 1
12 667 1
12 668 1
12 669 1
12 670 1
12 671 1
12 672 1
12 673 1
12 674 1
12 675 1
12 676 1
12 677 1
12 678 1
12 679 1
12 680 1
12 681 1
12 682 1
12 683 1
12 684 1
12 685 1
12 686 1
12 687 1
12 688 1
12 689 1
12 690 1
12 691 1
12 692 1
12 693 1
12 694 1
12 695 1
12 696 1
12 697 1
12 698 1
12 699 1
12 700 1
12 701 1
12 702 1
12 703 1
12 704 1
12 705 1
12 706 1
12 707 1
12 708 1
12 709 1
12 710 1
12 711 1
13 32 1
13 33 1
13 712 1
13 35 1
13 713 1
13 714 1
13 715 1
13 716 1
13 717 1
13 718 1
13 719 1
13 720 1
13 721 1
13 722 1
13 723 1
13 724 1
13 725 1
13 726 1
13 727 1
13 728 1
13 729 1
13 730 1
13 731 1
13 732 1
13 733 1
13 734 1
13 735 1
13 736 1
13 737 1
13 738 1
13 739 1
13 740 1
13 741 1
13 742 1
13 743 1
13 744 1
13 745 1
13 746 1
13 747 1
13 748 1
13 749 1
13 750 1
13 751 1
13 752 1
13 753 1
13 754 1
13 755 1
13 756 1
13 757 1
13 758 1
13 759 1
13 760 1
13 761 1
13 762 1
13 763 1
13 764 1
13 765 1
14 32 1
14 35 1
14 766 1
14 767 1
14 768 1
14 769 1
14 770 1
14 771 1
14 772 1
14 773 1
14 774 1
14 775 1
14 776 1
14 378 1
14 777 1
15 32 1
15 35 1
15 778 1
15 779 1
15 780 1
15 781 1
15 782 1
15 783 1
15 784 1
15 785 1
15 786 1
15 787 1
15 788 1
15 789 1
15 790 1
15 791 1
15 792 1
15 793 1
15 794 1
15 795 1
15 796 1
15 797 1
15 798 1
15 799 1
15 800 1
15 801 1
15 802 1
15 803 1
15 804 1
15 805 1
15 806 1
15 807 1
15 808 1
15 809 1
15 810 1
15 811 1
15 812 1
15 813 1
15 814 1
15 815 1
15 816 1
15 817 1
15 818 1
15 819 1
15 820 1
15 821 1
15 822 1
15 823 1
15 824 1
15 825 1
15 826 1
15 827 1
15 828 1
15 829 1
15 830 1
15 831 1
15 832 1
15 833 1
16 32 1
16 33 1
16 35 1
16 834 1
16 835 1
16 836 1
16 837 1
16 838 1
16 839 1
16 840 1
16 841 1
16 842 1
16 843 1
16 844 1
16 845 1
16 846 1
16 847 1
16 848 1
16 849 1
16 850 1
16 851 1
16 852 1
16 853 1
16 854 1
16 855 1
16 856 1
16 857 1
16 858 1
16 859 1
16 860 1
16 861 1
16 862 1
16 863 1
16 864 1
16 865 1
16 866 1
16 867 1
16 868 1
16 869 1
16 870 1
16 871 1
16 872 1
16 873 1
16 874 1
16 875 1
16 876 1
16 877 1
16 878 1
16 879 1
16 880 1
16 881 1
16 882 1
16 883 1
16 884 1
16 885 1
16 886 1
16 887 1
16 888 1
16 889 1
16 890 1
16 891 1
16 892 1
16 893 1
16 894 1
16 895 1
16 896 1
16 897 1
16 898 1
16 899 1
16 900 1
16 901 1
16 902 1
16 903 1
16 904 1
16 905 1
16 906 1
16 907 1
16 908 1
16 909 1
16 910 1
16 911 1
16 912 1
16 913 1
16 914 1
16 915 1
16 916 1
16 917 1
16 918 1
16 919 1
16 920 1
16 921 1
16 922 1
16 923 1
16 924 1
16 925 1
16 926 1
16 927 1
16 928 1
16 929 1
16 930 1
16 931 1
16 932 1
16 933 1
16 934 1
16 935 1
16 936 1
16 937 1
16 938 1
16 939 1
16 940 1
16 941 1
16 942 1
16 943 1
16 944 1
16 945 1
16 946 1
16 947 1
16 948 1
16 949 1
16 950 1
16 951 1
16 952 1
16 953 1
16 954 1
16 955 1
16 956 1
16 957 1
16 958 1
16 959 1
16 960 1
16 961 1
16 962 1
16 963 1
16 964 1
16 965 1
16 966 1
16 967 1
16 968 1
16 969 1
16 970 1
16 971 1
16 972 1
16 973 1
16 974 1
16 975 1
16 976 1
16 977 1
16 978 1
16 979 1
16 980 1
16 981 1
16 982 1
16 983 1
16 984 1
16 985 1
16 986 1
16 987 1
16 988 1
16 989 1
16 990 1
16 991 1
16 992 1
17 32 1
17 33 1
17 35 1
17 993 1
17 994 1
17 995 1
17 2 1
17 996 1
17 997 1
17 998 1
17 999 1
17 1000 1
17 1001 1
17 1002 1
17 1003 1
17 130 1
17 1004 1
17 1005 1
17 1006 1
17 1007 1
17 128 1
17 135 1
17 1008 1
17 1009 1
17 1010 1
17 1011 1
17 1012 1
17 1013 1
17 1014 1
17 1015 1
17 1016 1
17 1017 1
17 1018 1
17 1019 1
17 1020 1
17 1021 1
17 125 1
17 1022 1
17 1023 1
17 1024 1
17 1025 1
17 1026 1
17 1027 1
17 1028 1
17 1029 1
17 1030 1
17 1031 1
17 1032 1
17 1033 1
17 1034 1
17 1035 1
17 1036 1
17 1037 1
17 1038 1
17 1039 1
17 1040 1
17 1041 1
17 1042 1
17 124 1
17 1043 1
17 1044 1
17 1045 1
17 1046 1
17 1047 1
17 129 1
17 131 1
17 288 1
17 1048 1
17 1049 1
18 32 1
18 33 1
18 35 1
18 1050 1
18 1051 1
18 1052 1
18 1053 1
18 1054 1
18 1055 1
18 1056 1
18 1057 1
18 1058 1
18 1059 1
18 1060 1
18 668 1
18 1061 1
18 1062 1
18 1063 1
18 1064 1
18 1065 1
18 1066 1
18 1067 1
18 1068 1
18 1069 1
18 1070 1
18 1071 1
18 1072 1
18 1073 1
18 1074 1
18 1075 1
18 1076 1
18 1077 1
18 1078 1
18 1079 1
18 1080 1
18 1081 1
18 1082 1
18 1083 1
18 1084 1
18 1085 1
18 1086 1
18 1087 1
18 1088 1
18 1089 1
18 1090 1
18 1091 1
18 1092 1
18 1093 1
18 1094 1
18 1095 1
18 1096 1
18 1097 1
18 1098 1
18 1099 1
18 1100 1
18 1101 1
18 1102 1
18 1103 1
18 1104 1
18 1105 1
18 1106 1
18 1107 1
18 1108 1
18 1109 1
18 1110 1
18 1111 1
18 1112 1
18 1113 1
18 1114 1
18 1115 1
18 1116 1
19 32 1
19 35 1
19 1117 1
19 1118 1
19 1119 1
19 1120 1
19 1121 1
19 1122 1
20 32 1
20 33 1
20 1123 1
20 35 1
20 1124 1
20 1125 1
20 1126 1
20 1127 1
20 1128 1
20 1129 1
20 1130 1
20 1131 1
20 1132 1
20 1133 1
20 1134 1
20 1135 1
20 1136 1
20 1137 1
20 1138 1
20 1139 1
20 1140 1
20 1141 1
20 1142 1
20 1143 1
20 1144 1
20 1145 1
20 1146 1
20 1147 1
20 1148 1
20 1149 1
20 1150 1
20 1151 1
20 1152 1
20 1153 1
20 1154 1
20 1155 1
20 1156 1
20 1157 1
20 1158 1
20 1006 1
20 1159 1
20 1160 1
21 32 1
21 33 1
21 1123 1
21 35 1
21 1161 1
21 1162 1
21 1163 1
21 1164 1
21 1165 1
21 1166 1
21 1167 1
21 1168 1
21 1169 1
21 1170 1
21 1171 1
21 1172 1
21 753 1
21 1173 1
21 1174 1
21 1175 1
21 1176 1
21 1177 1
21 1178 1
21 1179 1
21 1180 1
21 1181 1
21 1182 1
21 1183 1
21 1184 1
21 1185 1
21 1186 1
21 1187 1
21 1188 1
21 1189 1
21 1190 1
21 1191 1
21 1192 1
21 1193 1
21 1194 1
21 1195 1
21 1196 1
21 1197 1
21 1198 1
21 1199 1
21 1200 1
21 1201 1
21 1202 1
21 1203 1
21 1204 1
21 1205 1
21 1206 1
21 1207 1
21 1208 1
21 1209 1
21 1210 1
21 1211 1
21 1212 1
21 1213 1
21 1214 1
21 1215 1
21 1216 1
21 1217 1
21 1218 1
21 1219 1
21 1220 1
21 1221 1
21 1222 1
21 1223 1
21 1224 1
21 1225 1
21 1226 1
21 1227 1
21 1228 1
21 1229 1
21 1230 1
21 1231 1
21 1232 1
21 1233 1
21 1234 1
21 1235 1
21 1236 1
21 1237 1
21 1238 1
21 1239 1
21 1240 1
21 1241 1
21 1242 1
21 784 1
21 1243 1
21 1244 1
21 1245 1
21 1246 1
21 1247 1
21 1248 1
21 1249 1
21 1250 1
21 1251 1
21 143 1
21 1252 1
21 1253 1
21 1254 1
21 1255 1
21 1256 1
21 1257 1
21 1258 1
21 1259 1
21 1260 1
21 1261 1
22 1262 1
22 32 1
22 1263 1
22 1264 1
22 35 1
22 1265 1
22 1266 1
22 1267 1
22 1268 1
22 1269 1
22 1270 1
22 1271 1
22 1272 1
22 1273 1
22 1274 1
22 1275 1
22 1276 1
22 1277 1
22 1278 1
22 1279 1
22 1280 1
22 1281 1
22 1282 1
22 1283 1
22 1284 1
22 1285 1
22 1286 1
22 1287 1
22 1288 1
22 1289 1
22 1290 1
22 1291 1
22 1292 1
22 1293 1
22 1294 1
22 1295 1
22 1296 1
22 1297 1
22 1298 1
22 1299 1
22 1300 1
22 1301 1
22 1302 1
22 1303 1
22 1304 1
22 1305 1
22 1306 1
22 1307 1
22 1308 1
22 1309 1
22 1310 1
22 1311 1
22 1312 1
22 1313 1
22 1314 1
23 32 1
23 33 1
23 35 1
23 1315 1
23 135 1
23 128 1
23 1316 1
23 1317 1
23 1318 1
23 1319 1
24 32 1
24 1123 1
24 1320 1
24 35 1
24 1321 1
24 1322 1
24 1323 1
24 1324 1
24 1325 1
24 1326 1
24 1327 1
24 1328 1
24 1329 1
24 1330 1
24 1331 1
24 1332 1
24 1333 1
24 1334 1
24 1335 1
24 1336 1
24 1337 1
24 1338 1
24 1339 1
24 1340 1
24 1341 1
24 1270 1
24 1342 1
24 1343 1
24 1344 1
24 1345 1
24 1346 1
24 1347 1
24 1348 1
24 1349 1
24 1350 1
24 1351 1
24 1352 1
24 1353 1
24 1354 1
24 1355 1
24 1356 1
24 1357 1
24 1358 1
24 1359 1
24 1360 1
24 143 1
24 1361 1
24 1362 1
24 1363 1
24 1364 1
24 1365 1
24 1366 1
24 1367 1
24 1368 1
24 1369 1
24 1370 1
24 1371 1
24 1372 1
24 1373 1
24 1374 1
24 1375 1
24 1376 1
24 1377 1
24 1378 1
24 1379 1
24 1380 1
25 32 1
25 33 1
25 35 1
25 1381 1
25 1382 1
25 1383 1
25 1384 1
25 1385 1
25 1386 1
25 1387 1
25 1388 1
25 1389 1
25 1390 1
25 1391 1
25 1392 1
25 1393 1
25 1394 1
25 1395 1
25 1396 1
25 1397 1
25 1398 1
25 1399 1
25 1400 1
25 1401 1
25 1402 1
25 1403 1
25 1404 1
25 1405 1
25 1406 1
25 1407 1
25 1408 1
25 1409 1
25 1410 1
25 1411 1
25 1412 1
25 1413 1
25 1414 1
25 1415 1
25 1416 1
25 1417 1
25 1418 1
25 1419 1
25 1420 1
25 1421 1
25 1422 1
25 1423 1
25 1424 1
25 1425 1
25 1426 1
25 1427 1
25 1428 1
25 1429 1
25 1430 1
25 1431 1
25 1432 1
25 1433 1
25 1434 1
25 1435 1
25 1436 1
25 1437 1
25 1438 1
25 1439 1
25 1440 1
25 1441 1
25 1442 1
25 1443 1
25 1444 1
25 1445 1
25 1446 1
25 1447 1
25 1448 1
25 1449 1
25 1450 1
25 1451 1
25 1452 1
25 1453 1
25 1454 1
25 1455 1
25 1456 1
25 1457 1
25 1458 1
25 1459 1
25 1460 1
25 1461 1
25 1462 1
25 1463 1
25 1464 1
25 1465 1
25 1466 1
25 1467 1
25 1468 1
25 1469 1
25 1470 1
25 1471 1
25 1472 1
25 1473 1
25 1474 1
25 1475 1
25 1476 1
25 1477 1
25 1478 1
25 1479 1
25 1480 1
25 1481 1
25 1482 1
25 1483 1
25 1484 1
25 1485 1
25 1486 1
25 1487 1
25 1488 1
25 1489 1
25 1490 1
25 1491 1
25 1492 1
25 1493 1
25 1494 1
25 1495 1
25 1496 1
25 1497 1
25 1498 1
25 1499 1
25 1500 1
25 1501 1
25 1502 1
25 1503 1
25 1504 1
25 1505 1
25 1506 1
25 1507 1
25 1508 1
25 1509 1
25 1510 1
25 1511 1
25 1512 1
25 1513 1
25 1514 1
25 1515 1
25 1516 1
25 1517 1
25 1518 1
25 1519 1
25 1520 1
25 1521 1
25 1522 1
25 1523 1
25 1524 1
25 1525 1
25 1526 1
25 1527 1
25 1528 1
25 1529 1
25 1530 1
25 1531 1
25 1532 1
25 1533 1
25 1534 1
25 1535 1
25 1536 1
25 1537 1
25 1538 1
25 1539 1
25 1540 1
25 1541 1
25 1542 1
25 1543 1
25 1544 1
25 1545 1
25 1546 1
25 1547 1
25 1548 1
25 1549 1
25 1550 1
25 1551 1
25 1552 1
25 1553 1
25 1554 1
25 1555 1
25 1556 1
25 1557 1
25 1558 1
25 1559 1
25 1560 1
26 32 1
26 33 1
26 35 1
26 1561 1
26 1562 1
26 1563 1
26 1564 1
26 1565 1
26 1566 1
26 1567 1
26 1568 1
26 1569 1
26 1570 1
26 1571 1
26 1572 1
26 1573 1
26 1574 1
26 1575 1
26 1576 1
26 1577 1
26 1578 1
26 1579 1
26 1580 1
26 1581 1
26 1582 1
26 1583 1
26 1584 1
26 1585 1
26 1586 1
26 1587 1
26 1588 1
26 1589 1
26 1590 1
26 1591 1
26 1592 1
26 1593 1
26 1594 1
26 1595 1
26 1596 1
26 1597 1
26 1598 1
26 1599 1
26 1600 1
26 1601 1
26 1602 1
26 1603 1
26 1604 1
26 1605 1
26 1606 1
26 1607 1
26 1608 1
26 1609 1
26 1610 1
26 1611 1
26 1612 1
26 1613 1
26 1614 1
26 1615 1
26 1616 1
26 1617 1
26 1618 1
26 1619 1
27 32 1
27 33 1
27 35 1
27 1123 1
27 1620 1
27 1125 1
27 1621 1
27 1622 1
28 32 1
28 33 1
28 35 1
28 1623 1
28 1624 1
28 1625 1
28 1626 1
28 1627 1
28 1628 1
28 1629 1
28 1630 1
28 1631 1
28 1632 1
28 1633 1
28 1634 1
28 1635 1
28 1636 1
28 1637 1
28 1638 1
28 1639 1
28 1640 1
28 1641 1
28 1642 1
28 1643 1
28 1644 1
28 1645 1
29 32 1
29 33 1
29 1646 1
29 35 1
29 1647 1
29 1648 1
29 1649 1
29 1650 1
29 1651 1
29 1652 1
29 1653 1
29 1654 1
29 1655 1
29 1656 1
29 1657 1
29 1658 1
29 1659 1
29 1660 1
29 1661 1
29 1662 1
29 1663 1
29 1664 1
29 1665 1
29 1666 1
29 1667 1
29 1668 1
29 1669 1
29 1670 1
29 1671 1
29 1672 1
29 1673 1
29 1674 1
29 1675 1
29 1676 1
29 1677 1
29 1678 1
29 1679 1
29 1680 1
29 1681 1
29 1682 1
29 1683 1
29 1684 1
29 1685 1
29 1686 1
29 1687 1
29 1688 1
29 1689 1
29 1690 1
29 1691 1
29 1692 1
29 1693 1
29 1694 1
29 1695 1
29 1696 1
29 1697 1
29 1698 1
29 1699 1
29 1700 1
29 1701 1
29 1702 1
29 1703 1
29 1704 1
29 1705 1
29 1706 1
29 1707 1
29 1708 1
29 1709 1
29 1710 1
29 1711 1
29 1712 1
29 1713 1
29 1714 1
29 1715 1
29 1716 1
29 1717 1
29 1718 1
29 1719 1
29 1720 1
29 1721 1
29 1722 1
29 1723 1
29 1724 1
29 1725 1
29 1726 1
29 1727 1
29 1728 1
29 1729 1
29 1730 1
29 1731 1
29 1732 1
29 1733 1
29 1734 1
29 1735 1
29 1736 1
29 1737 1
30 32 1
30 1125 1
30 35 1
30 1738 1
30 1739 1
30 1740 1
30 1741 1
30 1742 1
30 1743 1
30 1744 1
30 1745 1
30 1746 1
30 1747 1
30 1748 1
30 1749 1
30 1750 1
30 1751 1
30 1752 1
30 1753 1
30 1754 1
30 1755 1
30 1756 1
30 1757 1
30 1758 1
30 1759 1
30 1760 1
30 1761 1
30 1762 1
30 1763 1
30 1764 1
30 1765 1
30 1766 1
31 1767 1
31 1768 1
31 1769 1
31 1770 1
31 1771 1
31 1772 1
31 1773 1
31 1774 1
31 27 1
31 30 1
31 1775 1
31 1776 1
31 29 1
31 28 1
31 1777 1
31 1778 1
31 1779 1
31 1780 1
31 1781 1
31 1782 1
31 1783 1
31 1784 1
31 1785 1
31 1786 1
31 1787 1
31 1788 1
31 1789 1
31 1790 1
31 1791 1
31 1624 1
31 32 1
31 26 1
31 1792 1
31 1793 1
31 25 1
31 1794 1
31 1795 1
31 1796 1
31 1797 1
31 1798 1
31 5 1
31 1799 1
31 4 1
31 1800 1
31 1801 1
31 3 1
31 1802 1
31 24 1
31 23 1
31 1803 1
31 22 1
31 1804 1
31 1391 1
